.Random.seed <-
c(403L, 10L, 754901761L, 2086107760L, -761309682L, 1044610681L, 
-1644418549L, 988177210L, 1106737724L, 248052095L, -1342844203L, 
120079084L, -493349822L, 314788765L, -1891442153L, 326498174L, 
74437944L, 1764672027L, 322546553L, 169307592L, -1253477898L, 
35734577L, -1356769693L, 609962546L, 47249284L, 1295443399L, 
-596415331L, -1202377708L, -1399190854L, 606096133L, 954028255L, 
-422139546L, 518003952L, 2050934803L, -1580491343L, 1506195552L, 
-878733826L, -739892855L, -389556549L, -1016753526L, 602893676L, 
1770535663L, -547699419L, -478628900L, -1682456142L, 542826669L, 
1603416167L, 1658132366L, -1153097624L, -419795861L, 987936265L, 
1968347288L, 633766854L, 1206359841L, 1360458675L, -208504030L, 
-1230852844L, -994927209L, -1484569203L, 1185924260L, 797157002L, 
359423221L, -1810971825L, -475718570L, 229023488L, -760104381L, 
1210147297L, 1536320848L, -840565842L, -601753255L, 1175701355L, 
274372314L, -1387546724L, -1249080417L, -1399705099L, -792329076L, 
-1130222238L, 1895391549L, -1014773321L, -503927202L, 21096344L, 
-267122949L, 1835626137L, 1340004136L, 1706110422L, 2071122513L, 
-1106360061L, -1037163374L, 285981220L, -589241113L, -1022756547L, 
763530676L, 878842394L, -537757339L, -201127937L, -1121845626L, 
758687248L, -1012982605L, -1728432303L, -1342031104L, -121626146L, 
8972841L, -525325861L, -2098653462L, -116058996L, -1605231665L, 
189510533L, 362881084L, 1513599250L, -1586424307L, 1608770887L, 
-1035571410L, -1072143736L, -1656437877L, 939578217L, 96865592L, 
-1239679002L, 2105194369L, 1432784659L, 943978690L, -626912396L, 
-780402825L, -246749075L, -1049000188L, -1429055958L, -1596990571L, 
861544495L, 325916982L, 1222539616L, 638007203L, -227827519L, 
-1170837328L, -905953330L, -835939527L, 1222753099L, 749818106L, 
1588226556L, 1744587327L, -498467051L, 1446997036L, -278186750L, 
-2027643427L, -558957353L, 1628596158L, 1010618872L, -489773605L, 
-167113671L, -1437368952L, 740481334L, -620035215L, 2025857443L, 
-1294680846L, -969211836L, -1024478457L, 1935925981L, -1871877164L, 
-2061686022L, 1276800581L, 1482561183L, -329855962L, -78403408L, 
-665456301L, 1086295153L, 736514464L, 24210750L, -485708727L, 
-2008962821L, 825934026L, -208652756L, -1526470097L, -237739291L, 
1346508700L, 730563058L, 1195355245L, 1292156327L, -491624498L, 
-1276861144L, -8054997L, -1106076343L, -2100886952L, 777984774L, 
1085224673L, 1490231923L, 1996655330L, 964294228L, 1485160279L, 
-1768328371L, -1137772828L, -1642481974L, 1737799477L, -867517041L, 
-1158956394L, 1761956416L, 610882307L, 1129333537L, -61987824L, 
2006762478L, -1867484263L, -480424917L, -1463682790L, 167541724L, 
626638303L, 1540090293L, 493725516L, 95296930L, -1180300035L, 
53252599L, -86679778L, -2087566888L, -1582122181L, 156568793L, 
16236648L, -1913805418L, 2100223249L, -886804797L, 2133585618L, 
-1248561308L, -1330419033L, 908342269L, 137086452L, -1335737638L, 
-1320668123L, 1764653375L, 1328955078L, 1517081424L, 116206451L, 
-1740587631L, 686186432L, 1838217630L, 2080805218L, -1032164632L, 
-267178804L, -533206532L, -1371950606L, -104048512L, 1003765236L, 
-143791480L, -259463366L, -690970288L, -762691476L, -1964358252L, 
-758131630L, -2040024608L, 37081292L, -562144608L, 741366146L, 
-1135178520L, -576105748L, -1686660804L, -366644110L, -515318160L, 
98903588L, -949770184L, -1722960614L, 481988816L, -1255695044L, 
-400367724L, 966320002L, 1669767104L, 651249212L, -120034928L, 
-467041246L, -1977353976L, -870845300L, 477381404L, -533366638L, 
825993600L, 1188183060L, -1338646744L, -993712582L, 1522561488L, 
-1908149908L, -1833551948L, 2036375058L, -897907744L, -1497020980L, 
896296160L, 1915277346L, -617294040L, 596391436L, -734530756L, 
1445213170L, 2100464368L, -2001343932L, 1932068440L, -1751476422L, 
-1195412496L, 1638401724L, -64166636L, -815214398L, 1239776352L, 
426916220L, 1786812368L, 1833777442L, -744673624L, -1951835252L, 
179748028L, 299245362L, -460201408L, -1236630348L, 1311949896L, 
-1173087814L, 1208483344L, -1919203092L, -1822598828L, -2074937582L, 
1503434144L, 156924620L, 728954464L, 649600962L, -603847896L, 
2141359532L, -1557278404L, -989642894L, 874119472L, 764620580L, 
522716472L, -1038640422L, -1597667440L, 2133922556L, 261336980L, 
-37312446L, 1759386880L, 1771727932L, 1583058256L, -828827486L, 
264582984L, -448456948L, -943207716L, -1854196910L, 292000384L, 
-1949304748L, 1031015400L, 1396160250L, -1581299376L, 70927148L, 
1087342452L, 349635474L, 1420064352L, -753938548L, 1854845792L, 
1508624354L, -1323614296L, -1141039924L, -622522884L, 1078381490L, 
-205559312L, -276321852L, 2081562968L, -489527942L, 622530992L, 
-1836191812L, 57495636L, 690635714L, -815422432L, 1197063356L, 
-1515316656L, -671531038L, 77592168L, -337765812L, 1533640956L, 
1718603762L, -855622400L, 1687951220L, -563298296L, -1383823942L, 
-1639776816L, -1577655316L, 1360076692L, -1668850734L, -2017339552L, 
1029457228L, 761146656L, -1125563518L, 1637194472L, 1297261804L, 
2035378748L, 926354290L, 1798761072L, -1777223644L, 236291896L, 
1538763930L, 1093046992L, -1755258692L, -1454090604L, 2032936578L, 
832666816L, -935579332L, 904614032L, 1165568546L, -1372158456L, 
2138177804L, 2070557340L, -472232430L, -1790390912L, -940581356L, 
224695848L, -1592597190L, -2104850480L, 1621004908L, -615864524L, 
1321190034L, 2054510944L, -1207504564L, 1885802464L, -762003550L, 
30758824L, 67333004L, -673143108L, 1959594866L, -348727056L, 
359299140L, -698180264L, -24849350L, 764502896L, -222264260L, 
-622441708L, -190993982L, 661856480L, 1296242556L, -1637572912L, 
211486370L, 1486341160L, 1161677068L, 1256059836L, -282968782L, 
439197632L, 1390367284L, -765436984L, 242795706L, -1565077616L, 
875673068L, 538771540L, 802881170L, 398048032L, -1575309876L, 
1108089824L, 1539998402L, -1947706840L, -1715790164L, -2012630340L, 
-83537422L, -601536208L, -388477788L, 963592888L, 686074714L, 
-779956848L, -1056984708L, 264310036L, 696609090L, -546241792L, 
295377852L, -328303792L, -1708343006L, -569828024L, 2079586316L, 
-790590889L, -1195411039L, 1276099174L, -38032796L, 2070534549L, 
-2028784961L, -112145832L, -2130411914L, 1838899843L, -164178235L, 
263693282L, -307618224L, 1160842105L, -1466163029L, -333297636L, 
-9107638L, -755892417L, -1797594743L, 1136877982L, -1254664116L, 
640700957L, -1589510233L, -1020095792L, -1684298642L, 400374555L, 
1111536765L, 183896682L, -497878264L, -757771343L, 569431075L, 
-106840796L, -315803182L, 1743235623L, -270846863L, 222030518L, 
1028879956L, 106928869L, 1672255215L, -1893735896L, -1817508218L, 
759017651L, 1381492245L, 1016449138L, -1522363200L, -1093670615L, 
-753061989L, 1279469676L, 1565146234L, -621894225L, -1126210375L, 
-638931250L, -1955927012L, -1201008755L, 1483852279L, 1442209024L, 
876247902L, 711478315L, -2022759635L, -966242406L, -1984447144L, 
2135814337L, 1397870451L, -1029385068L, 1585668386L, -1511227337L, 
-801394431L, 1351844870L, 1273578052L, -1340642443L, -1716039969L, 
874084920L, 1465496086L, 1701979683L, 1527919077L, 1734868994L, 
-137586064L, 798773273L, 372754955L, -1886355204L, 1008819498L, 
-1488174241L, -624356631L, -1259390466L, -2078243348L, 1539372349L, 
2040593671L, -849715984L, 87310478L, 117127867L, -168029539L, 
-1501387190L, 1459014760L, 76465233L, 1395502915L, -1528497596L, 
392263922L, 264258759L, 10469009L, 1377091606L, -2006619532L, 
1618521349L, 29238095L, 1827581256L, 1888444646L, -336759277L, 
-724407947L, -300192430L, 1959542176L, -1617761143L, 1630756027L, 
135401228L, 1555162778L, -890438641L, -760367015L, 83277038L, 
-1420267652L, -1939465235L, -318561129L, 210775904L, 1798063934L, 
357300235L, 1918558349L, 567155130L, 1960253432L, -1386622047L, 
-1281692333L, -959798156L, -1578609150L, 76335255L, 239041121L, 
1197683366L, 1211275940L, -2050625707L, -1996721153L, -677801320L, 
-1827244106L, 1255930947L, -185895547L, 1996303906L, 1915196688L, 
1203139769L, -751543957L, -1431259044L, 2144040330L, 706957695L, 
45059273L, -1432456866L, 411574796L, -974748195L, 1218829543L, 
